    32
209616
952912
5355248
5355296
5355296
5355296
5355296
5355296
5355296
5355296
5355296
5355296
5355296
5355296
5355296
5355296
5355296
5355296
5355296
5355296
5355296
5355296
5355296
5355296
5355296
5355296
5355296
5355296
5355296
5355296
5355296
5355296
5355296
5355296
5355296
5355296
5355296
5355296
5355296
5355296
5355296
5355296
5355296
5355296
5355296
5355296
5355296
5355296
5355296
5355296
5355296
5355296
5355296
5355296
5355296
5355296
5355296
5355296
5355296
5355296
5355296
5355296
5355296
5355296
5355296
5355296
5355296
5355296
5355296
5355296
5355296
5355296
5355296
5355296
5355296
5355296
5355296
5355296
5355296
5355296
5355296
5355296
5355296
5355296
5355296
5355296
5355296
5355296
5355296
5355296
5355296
5355296
5355296
5355296
5355296
5355296
5355296
5355296
5355296
5355296
5355296
5355296
5355296
5355296
5355296
5355296
5355296
5355296
5355296
5355296
5355296
5355296
5355296
5355296
5355296
5355296
5355296
5355296
5355296
5794816
10189120
12387456
12428288
12429296
12489968
12494784
14179120
14199888
14195008
14172704
14218160
14186608
14214016
14364432
14029904
14322864
14391648
14398320
11672976
13161584
11054448
11054144
11054384
11769216
9598992
9737472
9747152
9451824
9732016
9388352
10417616
11691632
10072640
9524768
9606752
10272000
10351008
11713824
11405856
11849712
11356560
