    32
212528
1343744
1472736
2802800
9437680
10137712
13886128
12819824
14047808
14047808
14047808
14047808
14047808
14047808
14047808
14047808
14047808
14047808
14047808
14047808
14047808
14047808
14047808
14047808
14047808
14047808
14047808
14047808
14047808
13827968
13827968
13827968
13827968
13827968
13827968
13827968
13827968
13827968
13827968
13827968
13827968
13827968
13819712
13819712
13819712
13819712
13819712
13819712
13887024
13832448
13832448
13832448
13832448
13832448
13780048
13780048
13780048
13733200
13733200
13733200
13733200
13733200
13733200
13733200
13733200
13733200
13733200
13733200
13733200
13733200
13733200
13733200
13733200
13733200
13733200
13733200
13733200
13733200
13733200
13733200
13733200
13733200
13733200
13733200
13733200
13733200
13733200
13733200
13733200
13733200
13733200
13733200
13733200
13733200
13733200
13733200
13733200
13733200
13733200
13733200
13712720
13330768
13281616
13281616
13281616
13281616
13281616
13281616
13281616
13281616
13281616
13281616
13281616
13281616
13281616
13281616
13281616
13281616
13281616
13281616
13281616
13281616
13281616
13281616
13281616
13281616
13281616
13281616
13281616
13281616
13281616
13281616
13281616
13281616
13281616
13281616
13281616
13950640
11256496
14533376
15122784
17665424
17734160
16520960
17596384
16582096
16701248
5439120
9570416
15644608
15375696
8459984
12975952
18108928
16051232
7403184
7090240
7093824
7094512
7096336
5784960
5810912
7986432
8112608
8252240
8551408
8911776
9272144
8896848
9377536
9737904
9467488
9742704
10191552
9732576
10246144
10606512
9693392
10758784
11119152
11479520
11150736
11511104
11871472
11641696
12002064
12362432
11522000
11882384
12242752
11524096
11884480
12244848
11524272
11764528
12124896
11524416
11764672
12125040
12486160
7910272
9498016
10796816
11233968
11235232
7846560
7846832
7846976
4771696
4596960
4728464
4839632
5010640
5072160
5093552
4770992
4786336
4794864
4831344
4883216
4926960
4962272
5040960
5849600
7548592
9313040
10721040
8049392
9063184
8632864
11027440
10035952
11070736
11070464
10079408
8548912
10267440
11229600
10777616
11516784
14461200
14221216
15015184
17114064
14098256
8071264
10088224
10806928
11556272
12202544
12912896
10655968
10976864
10629344
12257952
12985312
12104704
