    32
220480
220480
262496
1132464
1281424
1364928
1099776
1394656
2522416
2542944
2630608
2639168
2674896
2698400
2763392
2808400
2892960
2966752
3044864
3085504
3169696
3234544
3283744
3362272
4568800
6776928
8513072
7857600
5685872
7441120
7129376
9147936
9196864
9196944
9237504
8149488
6185104
9936960
9378272
9615376
9679312
10250320
11700896
9850144
8879792
9495648
11857232
10511520
9044496
9425536
9530240
9221104
10695808
12548752
10783696
11950128
14377728
15727120
13663088
16019232
16124224
13583728
6018832
7328960
10174608
11706272
7825008
5026192
6094784
6137040
6141888
6176864
6567328
6927696
6329120
6722320
7082688
7443280
6929040
7289408
7649776
7434432
7794800
8155168
7806960
8167344
8527712
8300992
8661376
9021744
8562896
8988144
9348512
8748112
8988368
9348736
9709104
8868432
9228800
9589168
8868592
9228960
9589328
8748560
9108944
9469312
6803216
6577024
7342928
8555280
8559776
8561696
5596976
5596976
5596976
5596976
5596976
5596976
5596992
5597088
5597088
5597088
5597088
5597088
5597088
5597104
5474304
5474304
5474304
5474576
5474592
5474592
5474608
5475248
5475632
5559840
7142816
9255264
9294496
8854912
8718672
9692496
9895632
10592832
10596320
7981728
7112992
