    32
246960
947664
1593248
2583296
2625888
2675392
2788864
2853408
3877552
5072544
6072384
7521696
5324608
5724512
8274784
6939952
8099360
8199920
7655120
7800880
8652128
11326880
11398192
12191808
11848688
12887792
13078400
13517824
13810768
13319808
13759232
14052192
13734624
14286480
14579424
14872368
12845888
13302080
12189424
12189424
12189424
12189424
12189424
12189440
12190384
12190384
12190384
12190384
12190384
12190400
12184832
12184832
12184928
12184928
12184928
12184992
12185152
12185152
12185152
12185568
12291088
12362880
12866544
14080640
12594816
