    32
268992
336432
337408
342736
342736
342736
342736
342736
342736
342736
342752
342752
342752
342752
342752
342752
342752
342752
355360
356336
356336
356336
356336
356336
356336
356336
356336
356336
356336
356336
356336
356336
356336
356336
356336
356336
356336
356336
361968
361968
361968
361968
361968
361968
361968
361968
361968
361968
361968
361968
361968
361968
361968
361968
361968
361968
363936
416784
416784
416784
416784
416784
416784
416784
416784
416784
416784
416784
416784
416784
416784
416784
416784
416784
416784
416784
425376
425376
425376
425376
425376
425376
425376
425376
425376
425376
425376
425376
425376
425376
425376
425648
425648
425648
425648
425648
425648
425648
425648
425648
425648
425648
425648
425648
425648
425648
425648
425648
425648
425648
425648
425648
425648
425648
425648
425648
426288
426304
426304
426304
426304
426304
426304
426304
426304
426304
426304
426304
426304
426304
426304
426304
426304
426304
426304
426304
426304
426304
426944
427408
427408
427408
427408
427408
427408
427408
427408
427408
427408
427408
427408
427408
427408
427408
427408
427408
427408
427408
427408
427408
427408
427408
427408
427408
427408
427408
427408
427408
427408
427408
427408
427408
427408
427408
427408
427408
427408
427408
427408
427408
427408
427456
428176
428176
428176
428176
428176
428176
428176
428176
428176
428176
428176
428176
428176
428176
428176
428176
428176
428176
428176
429264
429264
429264
429264
429264
429264
429264
429264
429264
429264
429264
429264
429264
429264
429264
429264
429264
429264
429264
429264
429264
429264
429264
429264
429264
429408
430464
430464
430464
430464
430464
430464
430464
430464
430464
430464
430464
430464
430464
430464
430464
430464
430464
430512
431104
431104
431104
431104
431104
431104
431104
431104
431104
431104
431104
431104
431104
431104
431104
431104
431104
431104
441856
441856
441856
441856
441856
441856
441856
441856
441856
441856
441856
441856
441856
441856
441856
441856
441856
441856
441856
441856
441856
441856
441856
441856
441856
451344
452144
452144
452144
452144
452144
452144
452144
452144
452144
452144
452144
452144
452144
452144
452144
452144
452144
452144
452144
452144
452144
452144
452144
452144
452144
452144
452144
452144
452144
452144
452144
452144
452144
452144
452144
452144
452144
452144
452144
452144
452144
452144
455376
455376
455376
455376
455376
455376
455376
455376
455376
455376
455376
455376
455376
455376
455376
455376
455376
455376
455376
455376
455376
455376
455376
455376
455376
455376
455376
455376
455376
455376
455376
455376
455376
455376
455376
455376
455376
455408
455408
455408
455408
455408
455408
455408
455408
455408
455408
455408
455408
455408
455408
455408
455408
455408
455408
455408
455408
455408
455408
455408
455408
455408
455408
455408
455408
455408
455408
455408
455408
455408
455408
455408
457696
457696
457696
457696
457696
457696
457696
457696
457696
457696
457696
457696
457696
457696
457696
457696
457696
457696
457696
457696
457840
457840
457840
457840
457840
457840
457840
457840
457840
457840
457840
457840
457840
457840
457840
457840
457840
457840
457840
457840
457840
457968
457968
457968
457968
457968
457968
457968
457968
457968
457968
457968
457968
457968
457968
457968
457968
457968
457968
457968
457968
457968
457968
457968
457968
457968
457968
457968
457968
457968
457968
458000
458240
458240
458240
458240
458240
458240
458240
458240
458240
458240
458240
458240
458240
458240
458240
458240
458240
458240
458400
458480
458480
458480
458480
458480
458480
458480
458480
458480
458480
458480
458480
458480
458480
458480
458480
458480
458480
458960
458960
458960
458960
458960
458960
458960
458960
458960
458960
458960
458960
458960
458960
458960
458960
458960
458960
458960
458960
458960
458960
458928
458960
458960
458960
458960
458960
458960
458960
458960
458960
458960
458960
458960
458960
458960
458960
458960
458960
458960
458976
458976
458976
458976
458976
458976
458976
458976
458976
458976
458976
458976
458976
458976
458976
458976
458976
458976
458976
458976
458976
458976
458976
459008
459008
459008
459008
459008
459008
459008
459008
459008
459008
459008
459008
459008
459008
459008
459008
459008
459008
459008
459008
459008
459008
459008
459008
459008
459008
459008
459008
459008
459008
459008
459008
459008
459008
459008
459008
459008
459008
459008
459008
459008
459008
459008
459008
459008
459008
459008
458976
459008
459008
459008
459008
459008
459008
459008
459008
459008
459008
459008
459008
459008
459008
459008
459008
459008
459008
459008
459008
459008
459008
459008
459008
459008
459008
459008
459008
459008
459008
459008
459008
459008
459008
459008
459008
459008
459008
459008
459008
459008
459008
459008
459008
459008
459008
459008
459008
459008
459008
459008
459008
459008
459008
459008
459328
459328
459328
459328
459328
459328
459328
459328
459328
459328
459328
459328
459328
459328
459328
459328
459328
459328
459328
459408
459408
459408
459408
459408
459408
459408
459408
459408
459408
459408
459408
459456
459760
459760
459760
459760
459760
459760
459760
459760
459760
459760
459760
459760
459760
459760
459760
459760
459760
459760
459760
459760
459760
459760
459760
459760
459760
459760
459760
459760
459760
459760
459760
459760
459760
459760
459760
459760
459760
459760
459760
459760
459760
459840
460000
460000
460000
460000
460000
460000
460000
460000
460000
460000
460000
460000
460000
460000
460000
460000
460000
460000
461024
462112
462112
462112
462112
462112
462112
462112
462112
462112
462112
462112
462112
462112
462112
462112
462112
462112
462112
462112
462112
462112
462112
462112
462112
462112
462112
462112
462112
462112
462112
462112
462112
462112
462112
462112
462112
462112
462112
462112
462112
462112
462112
462112
462112
462112
462112
462112
462112
462112
462112
462112
462112
462112
462112
462112
462112
462112
462112
462112
462112
462112
462112
462112
462112
462112
462656
462656
462656
462656
462656
462656
462656
462656
462656
462656
462656
462656
462656
462656
465824
465824
465824
465824
465824
465824
465824
465824
465824
465824
465824
465824
465824
465824
465824
465824
465824
465824
465824
466528
466528
466528
466528
466528
466528
466528
466528
466528
466528
466528
466528
466528
466528
466528
466528
466528
466528
467120
467440
467440
467440
467440
467440
467440
467440
467440
467440
467440
467440
467440
467440
467440
467440
467440
467440
467440
467440
467440
467440
467440
467440
467440
467440
467440
467440
467440
467440
467440
467440
467440
467440
467440
467440
467440
467440
467712
467712
467712
467712
467712
467712
467712
467712
467712
467712
467712
467712
467712
467712
467712
467712
467712
467712
467712
468384
468384
468384
468384
468384
468384
468384
468384
468384
468384
468384
468384
468384
468384
468384
468384
468384
468384
468384
468384
468384
468384
468384
468384
468384
468384
468384
468384
468384
468384
468384
471520
471552
471552
471552
471552
471552
471552
471552
471552
471552
471552
471552
471552
471552
471552
471552
471552
471552
471552
473056
473248
473248
473248
473248
473248
473248
473248
473248
473248
473248
473248
473248
473248
473248
473248
473248
473248
473248
473248
473248
473248
473248
473248
473248
473248
473248
473248
473248
473248
474256
474256
474256
474256
474256
474256
474256
474256
474256
474256
474256
474256
474256
474256
474256
474256
474256
474256
474256
474256
487408
487408
487408
487408
487408
487408
487408
487408
487408
487408
487408
487408
487408
487408
487408
487408
487408
487376
487408
487408
487408
487408
487408
487408
487408
487408
487408
487456
487456
487456
487456
487456
487456
487456
487456
487456
487456
487456
487456
487456
487456
487456
487456
487456
487456
487456
487456
487456
487456
487456
487456
487456
487456
487456
487456
487456
487456
487456
487456
487456
487456
487456
487456
487456
487728
487968
487968
487968
487968
487968
487968
487968
487968
487968
487968
487968
487968
487968
487968
487968
487968
487968
487968
487968
487968
487968
487968
487968
487968
487968
487968
487968
487968
487968
487968
487968
487968
487968
487968
487968
487968
487968
487968
487968
487968
487968
487968
488016
488016
488016
488016
488016
488016
488016
488016
488016
488016
488016
488016
488016
488016
488016
488016
488016
488016
488016
488560
488560
488560
488560
488560
488560
488560
488560
488560
488560
488560
488560
488560
488560
488560
488560
488560
488560
488560
488560
488560
488560
488560
488560
488560
488560
488560
488560
488560
488768
488784
488784
488784
488784
488784
488784
488784
488784
488784
488784
488784
488784
488784
488784
488784
488784
488784
490992
493584
493584
493584
493584
493584
493584
493584
493584
493584
493584
493584
493584
493584
493584
493584
493584
493584
493984
493984
493984
493984
493984
493984
493984
493984
493984
493984
493984
493984
493984
493984
493984
493984
493984
493984
493984
493984
493984
493984
493984
493984
493984
493984
493984
493984
493984
493984
493984
493984
493984
493984
493984
493984
493984
493984
493984
493984
493984
493984
493984
493984
493984
493984
493984
493984
493984
493984
493984
493984
493984
493984
493968
494000
494000
494000
494000
494000
494000
494000
494000
494000
494000
494000
494000
494000
494000
494000
494000
494000
494000
494000
494000
494000
494000
494000
494000
494000
494000
494000
494000
494000
494000
494000
494000
494000
494000
494000
494000
494000
494000
494000
494000
494000
494000
494000
494000
494000
494000
494000
494000
494000
494000
503296
473840
473840
473840
473840
473840
473840
473840
473840
473840
473840
473840
478544
479248
479248
479248
479248
479248
479248
479248
479248
479248
479248
479248
479248
479248
479248
479248
479248
479248
479248
481760
481760
481760
481760
481760
481760
481760
481760
481760
481760
481760
481760
481760
481760
481760
481760
481760
481760
403440
403440
388400
388400
388400
388400
388400
388400
388400
388400
388400
388400
388400
388400
388400
388400
388400
388400
388400
388400
388400
388400
388400
388400
388400
388400
388400
403840
407376
407376
407376
407376
407376
407376
407376
407376
407376
407376
407376
407376
407376
407376
407376
407376
407376
410224
410224
410224
410224
410224
410224
410224
410224
410224
410224
410224
410224
399136
399136
399136
399136
399136
399136
399136
408848
408848
408848
408848
408848
408848
408848
408848
408848
408848
408848
408848
408848
419616
419616
419616
419616
419616
419616
419616
419616
419616
419616
419616
419616
419616
419616
419616
419616
419616
419568
419568
419392
416784
416784
416784
416784
416784
416784
416784
416784
416784
416784
416784
416784
416784
416768
416768
416768
416768
416768
416768
416768
416768
416768
416768
416768
416768
427152
427296
427296
418000
418000
418000
396304
383792
383792
383792
383792
383792
383792
383792
383792
383792
383792
383792
387920
388672
388672
388672
388672
388672
388672
388672
388672
388672
388672
396688
389840
389840
389840
389840
389840
389840
389840
389840
389840
389840
389840
389840
389840
389840
389840
389840
389840
389840
392224
392256
392256
392256
392256
392256
392256
392256
392256
392256
392256
392256
392256
392256
392256
392256
392256
392256
401728
402048
402048
402048
402048
402048
402048
402048
402048
402048
402048
402048
408272
408384
408384
408384
408384
408384
408384
408384
408384
408384
408384
408384
408384
408384
408384
408384
408384
408384
408592
408752
408752
408752
408752
408752
408752
408752
408752
408752
408752
408752
408752
408752
408752
410096
410096
410096
410096
410096
410096
410096
410096
410096
410096
410096
410096
410096
410096
410096
410096
410096
410096
411056
412816
413088
413088
413088
413088
413088
413088
413088
413088
413088
413088
413088
413088
413088
413088
413088
413088
413088
413088
413088
413088
413088
413088
413088
413088
413088
413088
413088
413088
413088
413088
403104
403104
403104
403104
403104
403104
403104
403104
403104
403104
403104
403104
403104
403104
403104
403104
403104
403104
417904
417904
417904
417904
417904
417904
417904
417904
417904
417904
417904
417904
417904
417904
417904
417904
417904
417904
417904
422384
423216
423216
423216
423216
423216
423216
423216
423216
423216
423216
391936
389184
389136
368832
368672
368672
368672
368672
308944
350128
350128
350128
350128
350128
350112
350112
350000
349472
349472
349472
349472
349472
349472
349584
349584
349584
349584
349584
349584
349584
349584
349584
349584
349584
349584
349584
349584
349584
349584
349584
349584
349584
370384
371120
371120
371120
371120
371120
371120
371120
371120
371120
371120
371120
371120
371120
386848
375232
375232
375232
373568
373568
371056
371056
370944
370944
370944
370944
370944
370944
370944
370944
370944
370944
384384
385040
385040
385040
385040
385040
385040
385040
385040
385040
385040
385040
385040
385040
385040
385040
385040
385040
398064
399040
399040
399040
399040
399040
399040
399040
399040
399040
399040
399040
399040
399040
399040
399040
399040
399040
399040
406768
407024
407024
407024
407024
407024
407024
407024
407024
407024
407024
407024
407024
407024
407024
407024
407024
407024
407024
407024
409728
409840
409840
409840
409840
409840
409840
409840
409840
409840
409840
409840
409840
409840
409840
409840
409840
409840
409840
409840
409840
409840
409840
409840
409840
409840
409840
409840
409840
411632
411776
411776
411776
411776
411776
411776
411776
411776
411776
411776
411776
411776
411776
411856
411856
411856
411856
411856
411856
411856
411856
411856
411856
411856
411856
411856
411856
411856
411856
411856
411856
422784
422784
422784
422784
422784
422784
422784
422784
422784
422784
422784
422784
422928
422944
422944
422944
422944
422944
422944
422944
422944
422944
422944
422944
422944
422944
422944
422944
422944
422944
422944
423744
423792
423792
423792
423792
423792
423792
423792
423792
423792
423792
423792
423792
423792
425216
425216
425216
425216
425216
425216
425216
425216
425216
425216
425216
425216
425216
425216
425216
425216
425216
425216
425216
425216
425216
425216
425216
425216
425216
425216
425216
425216
425216
425216
425216
425216
425216
425216
425216
425216
425232
425232
425232
425232
425232
425232
425232
425232
425232
425232
425232
425232
425232
425232
425232
425232
425232
425232
425232
426064
426064
426064
426064
426064
426064
426064
426064
426064
426064
426064
426064
426064
426064
426064
426064
426064
426064
426064
426064
426064
426064
426064
426064
426064
426064
426064
426064
426064
426064
426064
426064
426064
426064
426064
426064
426064
426064
426064
426064
426064
426064
426064
426192
426192
426192
426192
426192
426192
426192
426192
426192
426192
426192
426192
426192
426192
426192
426192
426192
426192
426208
431904
431904
431904
431904
431904
431904
431904
431904
431904
431904
431904
431904
431904
431904
431904
431904
431904
431904
431952
431952
431952
431952
431952
431952
431952
431952
431952
431952
431952
431952
431952
431952
431952
431952
431952
431952
431952
431952
431952
431952
431952
431952
431952
431952
431952
431952
431952
431952
431952
431952
431952
431952
431952
431952
431952
431952
431952
432016
432048
432048
432048
432048
432048
432048
432048
432048
432048
432048
432048
432048
432048
432048
432048
432048
432048
433696
433840
433840
433840
433840
433840
433840
433840
433840
433840
433840
433840
433840
433840
433840
433840
433840
433840
433840
433840
433840
433840
433840
433840
433840
433840
433840
433840
433840
433840
433840
433840
433840
433840
433840
433840
433840
433840
433840
433840
433840
433840
433840
433840
433840
433840
433840
433840
433840
433840
433840
433840
433840
434032
434032
434032
434032
434032
434032
434032
434032
434032
434032
434032
434032
434032
434032
434032
434032
434032
434032
434176
434176
434176
434176
434176
434176
434176
434176
434176
434176
434176
434176
434176
434176
434176
434176
434176
434176
434176
434352
435072
435072
435072
435072
435072
435072
435072
435072
435072
435072
435072
435072
435072
435072
435072
435072
435072
435104
435104
435104
435104
435104
435104
435104
435104
435104
435104
435104
435104
435104
435104
435104
435104
435104
435104
435104
435104
438528
440944
440944
440944
440944
440944
440944
440944
440944
440944
440944
440944
440944
440944
440944
440944
440944
440944
440944
440944
440944
440944
440944
440944
440944
440944
440944
440944
440944
440944
440944
440944
440944
442192
442608
442608
442608
442608
442608
442608
442608
442608
442608
442608
442608
442608
442608
442608
442608
442608
442608
442608
442832
442848
442848
442848
442848
442848
442848
442848
442848
442848
442848
442848
442848
442848
442848
442848
442848
442848
442848
442848
442848
442848
442848
442848
442848
442848
442848
442848
442848
442848
442848
442848
442848
