    32
277152
440128
472192
532240
595488
595472
595472
595472
595472
595472
595472
595472
595472
595472
595472
595472
595472
595472
595472
595472
595472
595472
595472
595472
595472
595472
595472
595472
595472
595472
595472
595472
595472
595472
595472
595472
595472
595472
595472
595472
595472
595472
595472
595472
595472
595472
595472
595472
595472
595472
595472
595472
595472
595472
595472
595472
595472
595472
595472
595472
595472
593648
592000
591520
591520
510608
510608
510608
510608
453728
440800
372368
277904
277904
299648
299648
299648
299648
299648
299648
332736
332736
332736
332736
332736
332736
355328
355328
355328
355328
355328
355328
355328
355328
355328
355328
355328
355328
355328
355328
355328
355328
355328
355328
355328
355328
355328
355328
355328
355328
369280
369280
369280
369280
369280
369280
369280
369280
369280
369280
362992
362992
362992
362992
363008
362944
362944
362944
362944
362944
362944
362944
362944
362944
362944
362944
362944
362944
362944
362944
362944
393328
407152
407152
407152
407152
406960
434640
434640
434640
434640
434640
434640
434640
434640
434640
434640
434640
434640
434640
434640
448944
448944
448944
448944
448944
448944
448944
448944
448944
448944
448944
448960
448960
448960
448960
448960
448960
448960
558848
625520
625520
625520
625520
625520
625520
625520
625520
625520
625520
625520
625520
625520
625520
625520
625520
625520
625520
625520
625520
625520
625520
625520
625520
625520
625520
625520
625520
625520
625520
625520
625520
625520
625520
625520
625520
625520
625520
625520
625520
625520
625520
625520
625520
625520
625520
625520
625520
625520
625520
625520
625520
625520
625520
625520
625520
625520
625520
625680
625680
625680
625680
625680
625680
625680
625680
630144
630144
630144
630144
630144
630144
630144
630144
630144
630144
630144
630144
630144
630144
630144
630144
630144
630144
630144
630144
630144
630144
630144
630144
630144
630144
630144
630144
630144
630144
630144
630144
630144
630144
630144
630144
630144
630144
630144
630144
630144
630144
630144
630144
630144
630144
630144
630144
630144
630144
630144
630144
630144
630144
630144
630144
630144
630144
630144
630144
630144
630144
630144
630144
630144
630144
630144
630144
630144
630144
630144
630144
630144
630144
630144
630144
630144
630144
630144
630144
630144
630144
630144
655680
668256
673424
673424
673424
673424
673424
673424
673424
673424
673424
673424
673424
673424
673424
673424
673424
673424
673424
673424
673424
673424
673424
673424
673424
673424
673424
673424
673424
673424
673424
673424
673424
673424
673424
673424
673424
673424
673424
673424
673424
673424
673424
673424
673424
673424
673424
673424
673424
673424
673424
673424
673424
673424
673424
673424
673424
673424
673424
673424
673424
673424
673424
673424
673424
673424
673424
673424
673424
673424
673424
673424
673424
673424
673424
673424
673424
673424
673440
673440
673440
673440
673440
673440
673440
673440
673440
673440
673440
673440
673440
673440
673440
673440
673440
673440
673440
673440
673440
673440
673440
673440
673440
673440
673440
673440
673440
673440
673440
673440
673440
673440
673440
673440
673440
673440
673440
673440
673440
673440
673440
673440
673440
673440
673440
673440
673440
673440
673440
673440
673440
673440
673440
673440
673440
673440
673440
673440
673440
673440
673440
673440
673440
673440
673440
673440
673440
673440
673440
673440
673440
673440
673440
673440
673440
673440
673440
673440
673440
673440
673440
673440
673440
673440
673440
673408
673408
673408
673408
673408
673408
673408
673408
673408
673408
673408
673408
673408
673408
673408
673408
673408
673408
673408
673408
673408
673408
673408
673408
673408
673408
673408
673408
673408
673408
673408
673408
673408
673408
673408
673408
673408
673408
673408
673408
673408
673408
674608
674608
674608
674608
674608
674608
674608
674608
674608
674608
674608
674608
674608
674608
674608
674608
674608
674608
674608
674608
674608
674608
674608
674608
674608
674608
674608
674608
674608
674608
674608
674608
674608
674608
674608
674608
674608
674608
674608
674608
674608
674608
674608
674608
674608
674608
674608
674608
706336
724432
724432
724432
724432
724432
724432
724432
724432
724432
724432
724432
724432
724432
724432
724432
724432
724432
724432
724432
724432
724432
724432
724432
724432
724432
724432
724432
724432
724432
724432
724432
724432
724432
724432
724432
724432
724432
724432
724432
724432
724432
724432
724432
724432
724432
724432
724432
724432
724432
724432
724432
724432
724432
724432
724432
724432
724432
724432
724432
724432
724432
724432
724432
724432
724432
724432
724432
724432
724432
724432
724432
724432
724432
724432
724432
724432
724432
724432
724432
724432
724432
724432
724432
724432
724432
724432
724432
724432
724432
724432
724432
724432
724432
724432
724432
724432
724432
724432
724432
724432
724432
724432
724432
724432
724432
724432
724432
724432
724432
724432
724432
724432
724432
724432
724432
724432
724432
724432
724432
724432
724432
724432
724432
724432
724432
724432
724432
724432
724432
724432
724432
724432
724432
724432
724432
724432
724432
724432
724432
724432
724432
724432
724432
724432
724432
724432
724432
724432
724432
724432
724432
724432
724432
724432
724432
724432
724432
724432
724432
724432
724432
724432
724432
724432
724432
724432
724432
737936
737920
737984
737984
737984
737984
737984
737984
737984
737984
737984
737984
737984
737984
737984
737984
737984
737984
737984
737984
737984
737984
737984
737984
737984
737984
737984
737984
737984
737984
737984
737984
737984
737984
737984
737984
737984
737984
737984
737984
737984
737984
737984
737984
737984
737984
737984
737984
737984
737984
737984
737984
737984
737984
737984
737984
737984
737984
737984
737984
737984
737984
737984
737984
737984
737984
737984
737984
737984
737984
737984
737984
737984
737984
737984
737984
737984
737984
737984
737984
737984
737984
737984
737984
737984
737984
737984
737984
737984
737984
737984
737984
737984
737984
737984
737984
737984
737984
737984
737984
737984
737984
737984
737984
737984
737984
737984
737984
737984
737984
737984
737984
737984
737984
737984
737984
737984
737984
737984
737984
737984
737984
737984
737984
737984
737984
737984
737984
737984
737984
737984
737984
737984
737984
737984
737952
737952
737952
737952
737952
737952
737952
737952
737952
737952
737952
737952
737952
737952
737952
737952
737952
737952
737952
737952
737952
737952
737952
737952
737952
737952
737952
737952
737952
737952
737952
737952
737952
737952
737952
737952
737952
737952
737952
737952
737952
737952
737952
737952
737952
737952
737952
737952
737952
737952
737952
737952
737952
737952
737952
737952
737952
737952
737952
737952
737952
737952
737952
737952
737952
737952
737952
737952
737952
737952
737952
737952
737952
737952
737952
715712
715712
715712
715712
715712
715712
715712
715712
715712
715712
715712
715712
715712
715712
715712
715712
715712
715712
715712
715712
715712
715712
715712
715712
715712
645520
651264
651264
651264
651264
651264
651264
651264
651264
651264
651264
651264
651264
651264
651264
651264
651264
651264
651264
651264
651264
651264
651264
651264
651264
651264
651264
651264
651264
651264
651264
651264
651264
651264
651264
651264
651264
651264
651264
651264
651264
651264
651264
651264
651264
651264
651264
651264
651264
651264
651264
651264
651264
651264
651264
651264
651264
651264
651264
651264
651264
659632
659632
673456
673456
673456
673456
673456
673456
673456
673456
673456
673456
673456
673456
673456
673456
673456
673456
685520
685520
685520
685520
685520
685520
685520
685520
685520
685520
685520
685520
685520
685520
685520
685520
685520
685520
685520
685520
685520
685520
685520
685520
685520
685520
685520
685520
685520
685520
685520
685520
685520
699344
699344
699344
699344
699344
699344
699344
699344
699344
709104
709104
709104
709104
709104
709104
709104
709104
709104
709104
709104
709104
709104
709104
709104
709104
709104
709104
709104
709104
709104
709104
709104
755216
755904
756464
756464
756464
756464
756464
756464
756464
756464
756464
756464
756464
756464
756464
756464
756464
756464
756464
756464
756464
756464
756464
756464
756464
756464
756464
756464
756464
756464
756464
756464
756464
756464
756464
756464
756464
756464
756464
756464
756464
756464
756464
756464
756464
756464
756464
756464
756464
756464
756464
756464
756464
756464
756464
756464
756464
756464
756464
756464
756464
756464
761824
761824
761824
761824
761824
761824
761824
775648
775648
775648
775648
775648
775648
775648
775648
775664
775664
775664
775664
775664
775664
775664
775664
775664
775664
775664
775664
775664
775664
775664
775664
775664
775664
775664
775664
775664
775664
775664
775664
775664
775664
775664
775664
775664
775664
775664
775664
775664
775664
775664
775664
775664
784416
784416
784416
784416
784416
784416
784416
784416
784416
784416
784416
784416
784416
784416
784416
784416
784416
784416
784416
784416
784416
784416
784416
784416
784416
784416
784416
784416
784416
784416
784416
784416
784416
784416
784416
784416
784416
784416
784416
784416
811904
812160
812736
812736
812736
812736
812736
812736
812736
812736
812736
812736
812736
812736
812736
812736
812736
812736
812736
812736
812736
812736
812736
812736
812736
812736
812736
812736
812736
812736
812736
812736
812736
812736
812736
812736
812736
812736
812736
812736
812736
812736
812736
812736
812736
812736
812736
812736
812736
812736
812736
812736
812736
812736
812736
812736
812736
812736
812736
812736
812736
812736
812736
812736
812736
812752
812752
812752
812752
812752
812752
812752
812752
812752
812752
812752
812752
812752
812752
812752
812752
812752
812752
812752
812752
812752
812752
812752
812752
812752
812752
812752
812752
812752
812752
812752
812752
812752
812752
812752
812752
812752
812752
812752
812752
812752
812752
812752
812752
812752
812752
812752
812752
812752
812752
812752
812752
812752
812752
812752
812752
812752
812752
812752
812752
812752
812752
812752
812752
812752
812752
812752
812752
812752
812752
812752
812752
812752
812752
812752
812752
812752
812752
812752
812752
812752
812752
812752
812752
812752
812752
817392
824576
824576
824576
824576
824576
824576
824576
824576
824576
824576
824576
824576
824576
824576
824576
824576
824576
824576
824576
824576
824576
824576
824576
824576
824576
824576
824576
824576
824576
824576
824576
824576
824576
824576
824576
824576
824576
824576
824576
824576
824576
824576
824576
824576
824576
824576
824576
824576
824576
824576
824576
824576
824576
824576
824576
824576
824576
824576
824576
824576
824576
824576
824576
824576
824576
824576
824576
824576
824576
824576
824576
824576
824576
824576
824576
824576
824576
824576
824576
824576
824576
824576
824576
824576
824576
824576
824576
824576
824576
824576
824576
824576
824576
824576
824576
824576
824576
824576
824576
824576
824576
824576
824576
824576
824576
824576
824576
824576
824576
824576
824576
824576
824576
824576
824576
824576
824576
824576
824576
824576
824544
824544
824544
824544
824544
824544
824544
824544
824544
824544
824544
824544
824544
824544
824544
824544
824544
824544
824544
824544
824544
824544
824544
824544
824544
824544
824544
824544
824544
824544
824544
824544
824544
824544
824544
824544
824544
824544
824544
824544
824544
824544
824544
824544
824544
824544
824544
824544
824544
820416
820416
820416
820416
820416
820416
820416
809632
705968
705968
705968
705968
705968
705968
720320
720320
720320
720320
720320
720320
733424
733424
733424
733424
733424
733424
733424
733424
733424
733424
747536
747536
747536
747536
747536
747536
747536
747536
747536
747536
747536
747536
747536
747536
747536
747536
747536
747536
747536
747536
747536
747536
747536
747536
747536
761360
761360
761360
761360
761360
761360
761360
761360
761360
761360
761360
761360
761360
761360
761360
761360
761360
761360
761360
761360
761360
761360
761360
761360
761360
761360
761360
761360
761360
761360
761360
761360
761360
761360
761360
761360
761360
761360
761360
761360
761360
761360
761360
761360
761360
761360
761360
761360
774096
780928
782048
782048
782048
782048
782048
782048
782048
782048
782048
782048
782048
782048
782048
782048
782048
782048
782048
782048
782048
782048
782048
782048
782048
782048
782048
782048
782048
782048
782048
782048
782048
782048
782048
782048
782048
782048
782048
782048
782048
782048
782048
782048
782048
782048
782048
782048
782048
782048
782048
782048
782048
782048
782048
782048
782048
782048
782048
782048
782048
782048
782048
782048
782048
782048
782048
782048
782048
782048
782048
782048
782048
782048
782048
782048
782048
782048
782048
782048
782048
782048
782048
782048
782048
782048
782048
782048
782048
782048
782048
782048
782048
759872
759872
774624
774624
774624
774624
774624
774624
774624
774624
788416
788416
788416
788416
788416
788416
788416
788416
788416
788416
788416
788416
788416
788416
788416
788416
788416
788416
788416
788416
788416
788416
788416
788416
788416
788416
788416
788416
788416
788416
788416
788416
788416
788416
788416
788416
788416
788416
796288
807648
807648
807648
807648
807648
807648
807648
807648
807648
807648
807648
807648
807648
807648
807648
807648
807648
807648
807648
807648
807648
807648
807648
847648
779888
780384
780384
780384
780384
780384
780384
780384
780384
780384
780384
780384
780384
780384
780384
780384
780384
780384
780384
780384
780384
780384
780384
780384
780384
780384
780384
780384
780384
780384
780384
780384
780384
780384
780384
780384
780384
780384
780384
780384
780384
780384
780384
780384
780384
780384
780384
780384
780384
780384
780384
780384
780384
780384
780384
780384
780384
780384
780384
780384
780384
780384
780384
780384
780384
780384
780384
780384
780384
780384
780384
780384
780384
780384
780384
780384
780384
780384
780384
780384
780384
780384
780384
780384
780384
780384
780384
780384
780384
780384
780384
780384
780384
780384
780384
780352
780352
780352
780352
780352
780352
780352
780352
780352
780352
780352
780352
780352
780352
780352
780352
780352
780352
780352
780352
780352
780352
780352
780352
780352
780352
780352
780352
780352
780352
780352
780352
780352
780352
780352
780352
780352
763520
763520
763520
763520
763520
763520
763520
763520
763520
763520
763520
763520
763520
763520
763520
763520
763520
763520
763520
763520
763520
763520
763520
763520
763520
763520
763520
763520
763520
763520
763520
763520
763520
763520
763520
763520
763520
763520
763520
763520
763520
763520
763520
763520
763520
763520
763520
763520
763520
765488
765488
765488
765488
765488
765488
765488
765488
765488
765488
765488
765488
765488
765488
765488
765488
765488
765488
765488
765488
765488
765488
765488
765488
765488
765488
765488
765488
765488
765488
782560
782560
782560
782560
782560
782560
782560
782560
782560
782560
782560
782560
782560
782560
782560
782560
782560
782560
782560
782560
782560
782560
782560
782560
782560
782560
782560
782560
782560
782560
782560
782560
782560
782560
782560
782560
782560
782560
782560
782560
800672
802048
802352
802352
802352
802352
802352
802352
802352
802352
802352
802352
802352
802352
802352
802352
802352
802352
802352
802352
802352
802352
802352
802352
802352
802352
802352
802352
802352
802352
802352
802352
802352
802352
802352
802352
802352
802352
802352
802352
802352
802352
802352
802352
802352
802352
802352
802352
802352
802352
802352
802352
802352
802368
802368
802368
802368
802368
802368
802368
802368
802368
802368
802368
802368
802368
802368
802368
802368
802368
802368
802368
802368
802368
802368
802368
802368
802368
802368
802368
802368
802368
802368
802368
802368
802368
802368
802368
802368
802368
802368
802368
802368
802368
802368
802368
802368
802368
802368
802368
802368
802368
802368
802368
802368
802368
802368
802368
802368
802368
802368
802368
802368
802368
802368
802368
802368
802368
802368
802368
803360
803360
803360
803360
803360
803360
803360
803360
803360
803360
803360
803360
803360
803360
803360
803360
803360
803360
803360
803360
803360
803360
803360
840592
841312
841312
841312
841312
841312
841312
841312
841312
841312
841312
841312
841312
841312
841312
841312
841312
841312
841312
841312
841312
841312
841312
841312
841312
841312
841312
841312
841312
841312
841312
841312
841312
841312
841312
841312
841312
841312
841312
841312
841312
841312
841312
841312
841312
841312
841312
841312
841312
841312
841312
841312
841312
841312
841312
841312
841312
841312
841312
841312
841312
841312
841312
841312
841312
841312
841312
841312
841312
841312
841312
841312
841312
841328
841328
841328
841328
841328
841328
841328
841328
841328
841328
841296
841296
841296
841296
841296
841296
841296
841296
841296
841296
841296
841296
841296
841296
841296
841296
841296
841296
841296
841296
841296
841296
841296
841296
841296
841296
841296
841296
841296
841296
841296
841296
841296
841296
841296
841296
841296
841296
841296
841296
841296
841296
841296
841296
841296
841296
841296
841296
841296
841296
841296
841296
841296
841296
841296
841296
841296
841296
841296
841296
841296
841296
841296
841296
841296
841296
841296
841296
841296
841296
841296
841296
841296
841344
841792
841792
841792
841792
841792
841792
841792
841792
841792
841792
841792
841792
841792
841792
841792
841792
841792
841792
841792
841792
841792
841792
841792
841792
841792
841792
841792
841792
841792
841792
841792
841792
841792
841792
841792
841792
841792
841792
841792
841792
841792
841792
841792
841792
841792
841792
841792
841792
841792
841792
841792
841792
841792
841792
841792
841792
841792
841792
841792
841792
841792
841792
841792
841792
841792
841792
841792
841792
841792
841792
841792
841792
841792
841792
841792
841792
841792
841792
841792
841792
841792
841792
841792
841792
841792
841792
841760
841760
841760
841760
841760
841760
841760
841760
841760
841760
841760
841760
841760
841760
841760
841760
841760
841760
841760
841760
841760
841760
841760
841760
841760
841760
841760
841760
841760
841760
841760
841760
841760
841760
841760
841760
841760
841760
841760
842768
842768
842768
842768
842768
842768
842768
842768
842768
842768
842768
842768
842768
842768
842768
842768
842768
842768
842768
842768
842768
842768
842768
842768
842768
842768
842768
842768
842768
842768
868688
867312
867312
867312
867312
867312
867312
867312
867312
867312
867312
867312
867312
867312
867312
867312
867312
867312
867312
867312
867312
867312
867312
867312
867312
867312
867312
867312
867312
867312
867312
867312
867312
867312
867312
867312
867312
867312
867312
867312
867312
867312
867312
867312
867312
867312
867312
867312
867312
867312
867312
867312
867312
867312
867312
867312
867312
867312
867312
867312
867312
867312
867312
867312
853488
853488
853488
853488
853488
853488
853488
853488
853488
853488
853488
853488
853488
853488
853488
853488
853488
853488
853488
853488
853488
853488
853488
853488
853488
853488
853488
853488
853488
853488
853488
853488
853488
853456
853456
853456
853456
853456
853456
853456
853456
853456
853456
853456
853456
853456
853456
853456
853456
853456
853456
853456
853456
853456
853456
853456
853456
853456
853456
853456
853456
853456
853456
867280
867280
867280
867280
867280
867280
867280
867280
880848
880848
880848
880848
880848
880848
880848
880848
880848
880848
880848
880848
880848
880848
880848
880848
880848
862672
862672
862672
862672
862672
862672
862672
862672
862672
862672
862672
862672
862672
862672
862672
862672
862672
862672
862672
862672
862672
862672
862672
862672
862672
862672
862672
862672
862672
862672
862672
862672
862672
862672
862672
853136
788560
787856
787856
787856
787856
785376
784272
780752
780752
780752
780752
780752
780752
780752
780752
780752
780752
780752
780752
780752
746608
615600
615600
615600
615600
615600
615600
625360
625360
625360
625360
625360
625360
625360
625360
625360
625360
625360
625360
625360
625360
625360
625360
625360
625360
625360
639184
639184
639184
639184
639184
639184
619728
619728
619728
619728
619728
619728
619728
619728
619728
619728
619728
619728
619728
619728
619728
619728
619728
619728
619728
619728
619728
633552
633552
633552
633552
633552
633552
633552
633552
633552
633552
633552
633552
633552
633552
633552
633552
633552
633552
633552
633552
633552
633552
633552
633552
633552
633552
633552
633552
633552
633552
633552
633552
633552
633552
633552
633552
633552
633552
633552
633552
633552
633552
633552
633552
633552
633552
633552
633552
633552
633552
633552
633552
633552
633552
633552
633552
633552
633552
633552
633552
633552
633552
633552
633552
633552
633552
633552
633552
633552
633552
633552
633552
633552
633552
662192
716240
721184
721184
721184
721184
721184
721184
721184
721184
721184
721184
721184
721184
721184
721184
721184
721184
721184
721184
721184
721184
721184
721184
721184
721184
721184
721184
721184
721184
721184
721184
721184
721184
721184
721184
721184
721184
721184
721184
721184
721184
721184
721184
721184
721184
721184
721184
721200
721200
721200
721200
721200
721200
721200
721200
721200
721200
721200
721200
721200
721200
721200
721200
721200
721200
721200
722208
722208
722208
722208
722208
722208
722208
722208
722208
722208
722208
722208
722208
722208
722208
722208
722208
722208
725056
725056
725056
725056
725056
725056
725056
725056
725056
725056
725056
725056
725056
725056
725056
725056
725056
732976
732976
732976
732976
732976
732976
732976
732976
732976
732976
732976
732976
732976
732976
732976
732976
732976
732976
732976
732976
732976
732976
732976
732976
732976
732976
732976
732976
732976
732976
732976
732976
732976
732976
732976
732976
732976
732976
732976
732976
732976
732976
732976
732976
732976
732976
732976
732976
732976
732976
732976
732976
732976
732976
732976
732976
732976
732976
732976
732976
732976
732976
732976
732976
732976
732976
770368
772160
772160
772160
772160
772160
772160
772160
772160
772160
772160
772160
772160
772160
772160
772160
772160
772160
772160
772160
772160
772160
772160
772160
772160
772160
772160
772160
772160
772160
772160
772160
772160
772160
772160
772160
772160
772160
772160
772160
772160
772160
772160
772160
772160
772160
772160
772160
772160
772160
772160
772160
772160
772160
772160
772160
772160
772160
772160
772160
772160
772160
772160
772160
772160
772160
772160
772160
772160
772160
772160
772160
772160
772160
772160
772160
772160
772160
772160
772160
772160
772160
772160
772160
772160
772160
772160
772160
772160
772160
772160
772160
772160
772160
772160
772160
772160
772160
772160
772160
772160
772128
772128
772128
772128
772128
772128
772128
772128
772128
772128
772128
772128
772128
772128
772128
772128
772128
772128
772128
772128
772144
772144
772144
772144
772144
772144
772144
772144
772144
772144
772144
772144
772144
772144
772144
772144
772144
772144
772144
772144
772144
772144
772144
772144
772144
772144
772144
772144
772144
772144
772144
772144
772144
772144
772144
772144
772144
772144
772144
772144
772144
772144
772144
772144
772144
772144
772144
772144
772144
772144
772144
772144
772144
772144
772144
772144
772144
772144
772144
772144
772144
772144
772144
772144
772144
772144
772144
772144
772144
772144
772144
772144
772144
772144
772144
772144
772144
772144
772144
772144
772144
772144
772144
772144
772144
772144
772144
772144
772144
772144
772144
772144
772144
772144
772144
772144
772144
772144
772144
772144
772144
772144
772144
772144
772144
772144
772144
772144
772144
772144
772144
772144
772144
772144
772144
772144
772144
772144
772144
772144
772144
772144
772144
772144
772144
772144
772144
772144
772144
772144
772144
772144
772144
772144
772144
772144
772144
772144
772144
772144
772144
772144
772144
772144
772144
781200
781312
781312
781312
781312
781312
781312
781312
781312
781312
781312
781312
781312
781312
781312
781312
781312
781312
781312
781312
781312
781312
781312
781312
781312
781312
781312
781312
781312
781312
781312
781312
781312
781312
781312
781312
781312
781312
781312
781312
781312
781312
781312
781312
781312
781312
781312
781312
781312
781312
781312
781312
781312
781312
781312
781312
781312
781312
781312
781312
781312
781312
781312
781312
781312
781312
781312
781312
781312
781312
781312
781312
781312
781312
781312
781312
781312
781312
781312
781312
781312
781312
781312
781312
781312
781312
781312
781312
781312
781312
781312
781312
781312
781312
781312
781312
781312
781312
781312
781312
781312
781312
781312
781312
781312
781312
781312
781312
781312
781312
781312
781312
781312
789680
789680
797904
797904
797904
797904
807280
807280
807280
807280
807280
807280
807280
807280
807280
807280
807280
807280
807280
807280
807280
807280
793456
793456
793456
793456
793456
793456
793456
793456
793456
793456
793456
793456
793456
793456
793456
793456
793456
793456
793456
793456
793456
793456
793456
793456
793456
793456
793456
807280
807280
807280
807280
807280
807280
807280
807280
807280
807280
807280
807280
807280
807280
807280
807280
807280
807280
807280
807280
807280
807280
807280
826496
835488
835488
835488
835488
835488
835488
835488
835488
835488
835488
835488
835488
835488
835488
835488
835488
835488
835488
835488
835488
835488
835488
835488
835488
835488
835488
835488
835488
835488
835488
835488
835488
835488
835488
835488
835488
835488
835488
835488
835488
835488
835488
835488
835488
835488
835488
835488
835488
835488
835488
835488
835488
835488
835488
835488
835488
835488
835488
835488
835488
835488
835488
835488
827264
827264
736096
736096
736096
736096
736096
737616
737616
737616
737616
737616
737616
737616
751440
751440
751440
751440
751440
751440
751440
751440
751440
751440
751440
751440
751440
751440
751440
751440
751440
751440
751440
751440
751440
751440
751440
751440
751440
751440
751440
751440
751440
751440
751440
751440
751440
751440
751440
751440
751440
751440
751440
751440
751440
751440
751440
751440
751440
751440
751440
751440
751440
765296
765296
765296
765296
765296
765296
765296
765296
765296
779120
779120
779120
779120
779120
779120
779120
779120
779120
779120
779120
779120
779120
779120
779120
779120
779120
779120
779120
779120
779120
779120
779120
779120
779120
779120
779120
779120
779120
779120
810800
819696
824080
824080
824080
824080
824080
824080
824080
824080
824080
824080
824080
824080
824080
824080
824080
824080
824080
824080
824080
824080
824080
824080
824080
824080
824080
824080
824080
824080
824080
824080
824080
824080
824080
824080
824080
824080
824080
824080
824080
824080
824080
824080
824080
824080
824080
824080
824080
824080
824080
824080
824080
824080
824080
824080
824080
824080
824080
824080
824080
824080
824080
824080
824080
824080
824080
824080
824080
824080
824080
824080
824080
824080
824080
824080
824080
824080
824080
824080
824080
824080
824080
824080
824080
824112
832896
832896
832896
832896
832896
832896
832896
832896
832896
832896
832896
832896
832896
832896
832864
832864
832864
832864
832864
832864
832864
832864
832864
832864
832864
832864
832864
832864
832864
832864
832864
832864
832864
832864
832864
832864
832864
832864
832864
832864
832864
832864
832864
832864
832864
832864
832864
832864
832864
832864
832864
832864
832864
832864
832864
832864
832864
832864
832864
832864
832864
832864
832864
832864
832864
832864
832864
832864
832864
832864
832864
832864
832864
832864
832864
832864
832864
832864
832864
832864
832864
832864
832864
832864
832864
832864
832864
832864
832864
832864
832864
832864
832864
832864
832864
832864
832864
832864
832864
832864
832864
832864
832864
832864
832864
838112
838112
838112
838112
853504
857632
857632
857632
857632
857632
857632
857632
857632
857632
857632
857632
857632
857632
857632
857632
857632
857632
857632
857632
857632
857632
857632
857632
857632
857632
857632
857632
857632
857632
857632
857632
857632
857632
857632
857632
857632
857632
857632
857632
857632
857632
857632
857632
857632
857632
857632
857632
857632
857632
857632
857632
857632
857632
857632
857632
857632
857632
857632
857632
857632
857632
857632
857632
857632
857632
857632
857632
857632
857632
857632
857632
857632
857632
857600
857600
857600
857600
857600
857600
857600
857600
857600
857600
857600
857600
857600
857600
857600
857600
857600
857600
857600
857600
857600
857600
857600
857600
857600
857600
857600
857600
857600
857600
857600
857600
857600
857600
857600
857600
857600
857600
857600
857600
857600
857600
857600
841184
841184
841184
841184
818608
803072
788496
747184
747088
727696
649728
575696
575696
575696
575120
575120
575120
575120
575120
575120
575120
575120
575120
575120
575120
575120
575120
575120
575120
575120
575120
575120
575120
575120
575120
575120
575120
575120
575120
586960
586960
586960
586960
586960
600784
600784
600784
600784
600784
614992
614992
614992
614992
614992
614992
614992
614992
614992
614992
614992
614992
614992
614992
614992
614992
614992
614992
614992
614992
614992
614992
614992
614992
614992
614992
614992
614992
614992
614992
624720
624720
624720
624720
624720
624720
624720
624720
624720
624720
624720
624720
624720
624720
624720
624720
624720
624720
624720
624720
624720
624720
624720
624720
624720
624720
624720
624720
624720
624720
624720
631088
631088
631088
631088
631088
631088
631088
631088
631088
631088
631088
631088
631088
639824
639824
639824
639824
639824
639824
639824
639824
639824
639824
639824
639824
639824
639824
639824
639824
639824
639824
639824
639824
639824
639824
639824
639824
639824
639824
639824
639824
639824
639824
639824
639824
639824
639824
639824
639824
639824
639824
639824
639824
639824
639824
639824
639824
639824
639824
643920
643920
643920
643920
643920
643920
643920
643920
643920
643920
643920
643920
643920
643920
643920
643920
643920
643920
643920
643920
643920
643920
643920
643920
643920
643920
643920
643920
643920
643920
643920
643920
643920
643920
643920
643920
643920
643920
643920
643920
643920
643920
643920
643920
679232
702944
710128
710128
710128
710128
710128
710128
710128
710128
710128
710128
710128
710128
710128
710128
710128
710128
710128
710128
710128
710128
710128
710128
710128
710128
710128
710128
710128
710128
710128
710128
710128
710128
710128
710128
710128
710128
710128
710128
710128
710128
710128
710128
710128
710128
710128
710128
710128
710128
710128
710128
710128
710128
710128
710128
710128
710128
710128
710128
710128
710128
710128
710128
710128
710128
710128
710128
710128
710144
710144
710144
710144
710144
710144
710144
710144
710144
710144
710144
710144
710144
710144
710144
710144
710144
710144
710144
710144
710144
710144
710144
710144
710144
710144
710144
710144
710144
710144
710144
696384
696384
696384
696384
696384
696384
696384
710208
710208
710208
710208
710208
710208
710208
710208
710208
724032
724032
724032
724032
724032
724032
724032
724032
724032
724032
724032
724032
724032
724032
724032
724032
724032
724032
724032
724032
724032
724032
724032
724032
724032
724032
724032
724032
724032
724032
738400
738400
738400
738400
738400
738400
738400
738400
738400
738400
738400
738400
738400
743008
743008
743008
743008
743008
743008
743008
743008
743008
743008
743008
743008
743008
743008
743008
743008
743008
743008
743008
743008
743008
743008
743008
743008
743008
743008
743008
743008
743008
743008
743008
743008
743008
743008
799376
759616
760128
760128
760128
760128
760128
760128
760128
760128
760128
760128
760128
760128
760128
760128
760128
760128
760128
760128
760128
760128
760128
760128
760128
760128
760128
760128
760128
760128
760128
760128
760128
760128
760128
760128
760128
760128
760128
760128
760128
760128
760128
760128
760128
761072
761072
761072
761072
761072
761072
761072
761072
769264
769264
769264
769264
769264
769264
769264
769264
769264
769264
769264
769264
769264
769264
769264
769264
769264
769264
769264
769264
769264
769264
769264
769264
769264
769264
769264
769264
769264
769264
769264
769264
769264
769264
769264
769264
769264
769264
769264
769264
769264
769264
769600
769600
769600
769600
769600
769600
769600
769600
769600
769600
769600
769600
769600
790800
783696
783696
783696
783696
783696
783696
783696
783696
783696
783696
783696
783696
783696
783696
783696
783696
783696
783696
783696
783696
783696
783696
783696
783696
783696
783696
783696
783696
783696
783696
783696
783696
783696
783696
783696
783696
783696
783696
783696
783696
783696
783696
783696
783696
783696
783696
783696
783696
783696
783696
783696
783696
783696
783696
783696
783696
783696
783696
783696
783696
783696
783696
783696
783696
783696
783696
783696
783696
783696
783696
783696
783696
783696
783696
783696
783696
783696
783728
783728
783728
783728
783728
783728
783728
783728
783728
783728
783728
783728
783728
783728
783728
783728
783728
783728
783728
783728
783728
783728
783728
783728
783728
783728
783728
783728
783728
783728
783728
783728
783728
783728
783728
783728
783728
783728
783728
783728
783728
783728
783728
783728
783728
783728
783728
783728
783728
783728
783728
783728
783728
783728
783728
783728
783728
783728
783728
783728
783728
783728
783728
783728
783728
783728
783728
783728
783728
783728
783728
783728
790304
790272
790448
790448
790448
790448
790448
790448
790448
790448
790448
790448
790448
790448
790448
790448
790448
790448
790448
790448
790448
790448
790448
790448
790448
790448
790448
790448
790448
790448
790448
790448
790448
790448
790448
790448
790448
790448
790448
790448
790448
790448
790448
790448
790464
790464
790464
790464
790464
790464
795024
795024
795024
795024
795024
795024
795024
795024
795024
795024
795024
795024
795024
795024
795024
795024
795024
795024
795024
795024
795024
795024
795024
795024
795024
795024
795024
795024
795024
795024
795024
795024
795024
795968
795968
795968
795968
795968
795968
795968
795968
795968
795968
795968
795968
795968
795968
795968
795968
795968
795968
795968
795968
795968
795968
795968
795968
795968
808832
809184
809568
809568
809568
809568
809568
809568
809568
809568
809568
809568
809568
809568
809568
809568
809568
809568
809568
809568
809568
809568
809568
809568
809568
809568
809568
809568
809568
809568
809568
809568
809568
809568
809568
809568
809568
809568
809568
809568
809568
809568
809568
809568
809568
809568
809568
809568
809568
809568
809568
809568
809568
809568
809568
809568
809568
809568
809568
809568
809568
809568
809568
809568
809568
809568
809568
809568
809568
809568
809568
809568
809568
809568
809568
809568
809568
809568
809568
809568
809568
809568
809568
809568
809568
809568
809568
809568
809568
809568
809568
809568
809568
809568
809568
809568
809568
809568
809568
809568
809568
809568
809568
809568
809568
809568
809568
809568
809568
809568
809568
809568
809568
809568
834544
834704
834704
834704
834704
834704
834704
834704
834704
834704
834704
834704
834704
834704
834704
834704
834704
834704
834704
834704
834704
834704
834704
834704
834704
834704
834704
834704
834704
834704
834704
834704
834704
834704
834704
834704
834704
834704
834704
834704
834704
834704
834704
834704
834704
834704
834704
834704
834704
834704
834704
834704
834704
834704
834704
834704
834704
834704
834704
834704
834704
834704
834704
834704
834704
834704
834704
834704
834704
836368
836368
836368
836368
836368
836368
836368
836368
836368
836368
836368
836368
836368
836368
836368
836368
836368
836368
836368
836368
836368
836368
836368
836368
836368
836368
836368
836368
836368
836368
836368
836368
836368
836368
836368
836368
836368
836368
836368
836368
836368
836368
836368
836368
836368
836368
836368
836368
836384
836352
836624
836624
836624
836624
836624
836624
836624
836624
836624
836624
836624
836624
836624
836624
836624
836624
836624
836624
836624
836624
836624
836624
836624
836624
836624
836624
836624
836624
836624
836624
836624
836624
836624
836624
836624
836624
836624
836624
836624
836624
836624
836624
836624
836624
836624
836624
836624
836624
836624
836624
836624
836624
836624
836624
836624
836624
836624
836624
836624
836624
836624
836624
836624
836624
836624
836624
836624
836624
836624
836624
836624
836624
836624
836624
836624
836624
836624
836624
836624
836624
836624
836624
836624
836624
836624
836624
836624
836624
836624
836624
836624
836624
836624
836624
836624
836624
836624
836624
836624
837584
837584
837584
837584
837584
837584
837584
837584
837584
837584
837584
837584
837584
837584
837584
837584
837584
837584
837584
837584
837584
837584
837584
837584
837584
837584
837584
837584
837584
837584
837584
837584
837584
837584
837584
837584
837584
837584
837584
851408
851408
851408
851408
851408
851408
851408
851408
851408
851408
851408
851408
837616
837616
837616
837616
837616
837616
837616
837616
837616
837616
837616
837616
837616
837616
837616
837616
837616
837616
837616
837616
837616
837616
754640
754416
754416
754416
754416
754416
754416
754416
754416
754416
754416
754416
754416
754416
754416
754416
754416
754416
754416
754416
754416
754416
754416
754416
754416
754416
754416
754416
754416
754416
754416
754416
754416
754416
754416
754416
754416
754416
754416
754416
762768
762768
762768
762768
762768
762768
762768
776592
776592
776592
776592
776592
776592
776592
776592
776592
776592
776592
776592
776592
776592
776592
776592
776592
776592
776592
776592
776592
776592
776592
777920
777920
777920
777920
777920
777920
777920
777920
777920
777920
777920
777920
777920
777920
777920
777920
777920
777920
777920
777920
777920
780080
780080
793904
793904
793904
793904
793904
793904
793904
793904
793904
793904
793904
793904
793904
793904
825552
825584
825584
825584
825584
825584
825584
825584
825584
825584
825584
825584
825584
825584
825584
825584
825584
825584
825584
825584
825584
825584
825584
825584
825584
825584
825584
825584
825584
825584
825584
825584
825584
825584
825584
825584
825584
825584
825584
825584
825584
825584
825584
825584
825584
825584
825584
825584
825584
825584
825584
825584
825584
825584
825584
825584
825584
825584
825584
825584
825584
825584
825584
825584
825584
825584
825584
825584
825584
825584
825584
825584
825584
825584
825584
825584
825584
825584
825584
825584
825584
825584
825584
825584
825584
825584
825584
825584
825584
825584
825584
825584
825584
825584
825584
825584
825584
825584
825584
825584
825584
825584
825584
825584
825584
825584
825584
825584
825584
825584
825584
825584
825584
825584
825584
825584
825584
825584
825584
825584
825584
825584
825584
825584
825584
825584
825584
825584
825584
825584
825584
825584
825584
825584
825584
825584
825584
831152
831152
831152
831152
831152
831152
831152
831152
831152
831152
831152
831152
831152
831152
831152
831152
831152
831152
831152
831152
831152
831152
831152
831152
831152
831152
831152
831152
831152
831152
831152
831152
831152
831152
844048
1553248
1555856
1620096
1624864
1625248
1625792
1625856
1630608
1630608
1630640
1629520
1630928
1630928
1630928
1630976
1631328
4086272
