    32
243568
395264
606304
3771600
4863248
7342368
7262304
7281232
9489392
8780352
10371648
11191248
13478160
12948224
15973440
16313632
19246400
20149936
17851728
19212224
19187168
20944144
21843168
20132016
17779520
15880224
12769584
6373200
10315984
12009392
10418528
9310048
6638624
11031904
10528256
9834368
9037024
2813600
4258880
6014000
8535104
8571984
10079184
10304368
12255600
11655792
12105744
14056208
13457264
15064528
15857888
15258256
16831328
18960272
18644512
18466528
17748080
15510240
17377504
18244192
18026704
18521360
17961040
17933488
17529776
15660272
15802992
8338112
9423392
8742608
9388912
11018448
11769312
10085872
8605488
10371616
12327744
11733376
10590704
9761744
9882512
10011504
9609104
11762512
12970368
10702016
12802704
15712288
17602160
13791728
18700160
17602992
15189904
7533584
9489520
11164992
12943440
12887168
10649744
10625168
11001696
10032224
10662208
11259680
11634592
12009488
11286912
11663584
12038496
11644848
11967392
12342288
11774608
12384080
12758976
13133888
12752320
13127232
13502128
13137936
13512848
13887760
13477552
13727504
14102400
12478032
13604480
13979392
13265616
9472256
9692608
10067504
9444256
9694928
9944864
10319760
9619360
9994272
10369168
9952448
10327360
10702272
8756944
8492528
9282000
10359472
10360768
10366400
7470016
7470032
7470032
7470032
7470032
7470032
7472496
7475264
7475264
7475264
7475264
7475264
7475264
7475264
7475744
7475744
7475744
7475952
7476752
7476752
7476752
7477712
7478112
9441408
9226544
11725552
12163216
9274752
7785840
9266480
9793888
9821712
10495168
9853712
