    32
219504
1418832
1546224
1606432
5606528
8928816
14393552
15232016
14408144
15332784
15332784
15332784
15332784
15332784
15332784
15332784
15332784
15332784
15332784
15332784
15332784
15332784
15332784
15332784
15332784
15332784
15332784
15332784
15332784
15332784
15332784
15855984
15855984
15855280
15855280
15855264
15855264
15855264
15855248
15855248
15855248
15806080
15806080
15791824
15791824
15791824
15791824
15791824
15791824
15791824
15791824
15791824
15791824
15791824
15791824
15791824
15791824
15791824
15564704
15564704
15520784
15520784
15520784
15520784
15520784
15520784
15520784
15520784
15520784
15520784
15520784
15520784
15520784
15520784
15520784
15520784
15520784
15520784
15520784
15520784
15520784
15520784
15520784
15520784
15520784
15520784
15520784
15520784
15520784
15520784
15520784
15520784
15520784
15520784
15520784
15520784
15520784
15520784
15520784
15520784
15417680
15390944
15390944
15344784
15344784
15344784
15344784
15344784
15344784
15344784
15344784
15344784
15344784
15344784
15344784
15344784
15344784
15344784
15344784
15344784
15344784
15344784
15344784
15344784
15344784
15344784
15344784
15344784
15344784
15344784
15344784
15344784
15344784
15344784
15344784
15344784
15344784
15344784
15344784
15344784
15344784
15344784
15344784
15344784
15344784
15344784
15344784
15344784
15344784
15344784
15344784
15344784
15344784
15344784
15344784
15344784
15126304
14965760
14965760
14965760
14965760
14965760
14965760
14965760
14965760
14965760
14965760
14965760
14965760
14965760
14965760
14965760
15762432
13391200
16437936
16403376
16401280
15569328
16195776
16969968
17066016
13775616
16483024
3394784
8214160
10688928
17405312
13702128
8434832
9942960
13708880
17721808
17416656
16109184
6382384
6387168
6387984
6390480
8181328
9160592
9035376
9151808
8329792
9642816
10011296
10379760
9903152
10394704
10763168
10414336
10746112
11114576
10744176
11268592
11637056
11101904
11748000
12116464
12485040
12149984
12518448
12886912
12575584
12944048
13312512
12453520
12822224
13313280
12454656
12823136
13191600
12454656
12823136
13191600
12455088
12700736
13069200
12455248
12700896
13069360
12093200
12701184
13069648
13438128
9465296
10478448
11513744
12167456
12167536
12168064
9049984
4256512
4595312
5535632
4615216
5138496
4867104
5242160
5303232
5231248
4620816
5015056
4403856
5216560
5261232
4973856
4899328
4971616
5588608
7858720
8886896
9698320
8850576
8134256
8755536
10218656
9469248
10487632
10516992
9558544
10547056
8275856
8841984
11196304
10148224
11483616
12769856
15178160
14472880
15203936
16246192
13072784
9900720
7825952
7316704
7812496
8626128
9644240
9644240
8846016
8027120
7332320
8672016
9644816
9644912
9645024
7016304
