    32
223616
1181712
1365264
1750896
2160000
2690352
2701536
2734864
2768048
2823296
2866784
2943936
3018720
3096384
3183504
3287552
3311712
3364992
3481040
4967440
6963360
8674160
8063840
6133008
7879856
9282864
8619680
9659664
9674256
9674256
6298352
4876640
5019872
5396016
6224080
6707920
7107984
7384400
7335824
6180864
6798528
6808496
4753600
4769024
4755632
4829744
4788912
6213664
7915456
9978944
9848048
9848048
7808080
8022960
8764160
8879120
8998736
9121392
10391536
11718400
11717376
11832192
12069936
9797952
10015456
10317152
10480704
10619744
10788192
12114720
13052704
14446352
12107904
12107904
12374640
12374640
4357808
4357808
4421584
4421584
4505392
6395040
7089216
7089360
7134576
7134576
7876736
9319648
11038384
15027136
13239520
14120240
13900160
13635872
12214416
12434240
12792672
10791024
10950704
11667104
11803792
11844720
11890736
11662336
12627696
12808624
13220016
13826048
11917568
2273904
3943920
4367344
4531408
4569536
4590064
5142544
5578128
7083696
8545536
5393504
4427584
4567584
5164928
5715984
3855744
4137824
6379872
6389392
7273184
7419376
7516768
8178704
7529696
9736864
9297440
9737152
9298336
9738880
10047568
12535104
14322992
14326464
15006768
15217600
15769952
14336928
13876992
13006848
12638352
12295056
12327184
12381632
12570192
12846112
13053072
11673808
9645440
5084784
5708080
5481824
3620064
3605376
6324464
6322432
7274464
6557024
7498192
7493440
8227264
7493664
9902272
9902272
9869632
9392432
9885088
9417232
12711488
15082528
15107248
15796672
15089168
15443360
14441840
15338448
15401296
14605120
15023520
14050768
13713632
13713632
13714080
13738096
13748224
13758464
13770320
13797424
13797856
13853392
13935184
13985728
14083312
14142336
14203200
14271936
14345648
14644752
15687344
14341200
15695856
15697840
12977296
13911024
13707376
15713616
15261760
14303312
15282064
15312272
14355264
6290832
5773904
6354144
5720736
6418032
7351968
7548496
8182176
6025216
5908688
6923248
6904752
6149152
7003024
7263200
4710992
5403728
5949568
5992688
6145200
6378336
8054608
9216768
13567408
12206928
12347472
12448608
9857792
10001968
10409344
10442368
10543712
10654256
10770080
13453536
14807776
13844400
13844496
13973152
12458704
11675168
11794144
11721440
11749904
11852256
11691296
12396944
14800608
14009296
14127760
12825536
12825536
12828224
13026560
13026560
13057328
13057328
13057328
13175488
13175488
12515152
14520928
15292176
15292176
15243968
15261280
15261280
15269840
14695376
16068112
17370736
15558768
17324848
15736240
16906848
16077344
14903072
15356336
14232416
14234304
14610848
15042592
12813488
13036992
13606960
13732704
13854768
13976992
14028640
13804176
14171232
14495056
14989840
14812704
15408512
13415744
