    32
218560
218816
249888
1275696
699552
1591040
1712960
1740352
1554384
2507584
2566432
2703824
2733456
2771616
2772512
2793424
2809344
2860864
2969552
3018816
3077904
3154656
3242528
3289920
3346688
3433136
3494112
3592496
4280416
6011328
8132768
8719760
8232656
6215568
7726080
7631920
9421568
9549632
8591184
9609984
9615648
8526160
7271744
10768528
10924352
11383728
11025856
12518960
13961776
13061552
13079616
11459840
11606208
12458928
13676736
12879472
11326944
11413568
11514960
11616192
11910960
14306320
13866080
14503136
15078656
16347648
16691552
14693632
17067376
16183056
14401808
8178960
8019616
9429664
12947856
12027424
7039504
6667184
6087872
5151296
6134128
6258448
6749872
7118336
6382480
6776672
7145136
6608192
6929744
7298208
6919408
7440592
7809056
7019680
7957280
8325744
8694432
8357824
8726288
9094752
8774080
9142544
9511008
8651952
9020432
9487504
8651952
9020432
9388896
8652768
8898416
9266880
8652784
8898432
9266896
9635376
8775632
9144096
9512560
8652816
9021296
9389760
7024960
6322896
7459104
8381920
8381920
8381920
7320720
6033408
6033408
6033408
6033408
6033408
6033408
5900288
5900288
5900288
5911808
6750224
7175344
9332960
9801776
8743056
6966544
8019584
9515616
9543840
8910992
8928592
7113808
6056816
