    32
230320
943136
5691744
5691776
5691776
5691776
5691776
5691776
5691776
5691776
5691776
5691776
5691776
5691776
5691776
5691776
5691776
5691776
5691776
5691776
5691776
5691776
5691776
5691776
5691776
5691776
5691776
5691776
5691776
5691776
5691776
5691776
5691776
5691776
5691776
5691776
5691776
5691776
5691776
5691776
5691776
9474976
13258224
13261840
13272432
13282544
13786944
14409216
14586208
14588672
14537920
14340960
14232384
13503184
13726080
13802752
13529680
13884304
14001632
11830144
13140464
11544752
9091008
8924336
8987120
9044336
9125504
9286464
9978096
10901520
11741600
9355936
9513760
9941984
9995504
12221824
11092576
12230320
